325
2230 905 273.848816
4260 2324 390.884277
4101 2971 -74.865471
1902 3774 -53.314693
1900 10 5.476250
1140 3944 297.946960
2077 1570 13.126587
1410 1227 370.546997
3350 2439 91.226196
1991 4119 219.793762
4248 3946 -32.810524
1573 2256 -42.081005
896 4240 195.300140
4670 1112 49.210663
1032 3172 197.996887
4976 3624 49.835846
1546 3614 11.087585
4126 3936 353.705353
1565 4226 271.910248
2036 4298 68.914474
983 901 154.972641
3239 1087 218.043945
2479 1884 142.340912
4944 1783 157.404083
3116 4937 110.218872
1740 4990 212.874146
1707 2536 31.848618
643 3512 367.151886
1222 2250 -46.002487
1872 4338 382.813721
2773 4769 13.472923
212 3096 219.823975
2097 701 -7.248871
232 2850 357.388947
169 2373 360.422729
1512 1577 107.328690
4048 3462 -3.946167
3912 1893 139.724716
1162 4450 8.888321
1852 4924 294.770874
1621 2434 317.166107
1070 2280 143.263550
1771 364 330.982147
973 2280 175.622040
4698 4140 326.393890
1276 4116 81.294601
1090 2185 90.159988
2983 3312 -35.922371
2433 83 156.752869
2357 4428 40.096008
1143 4293 283.021454
3423 4636 140.501846
3788 191 -69.418861
1068 2843 395.600220
209 2079 292.963196
677 2837 332.888916
2862 3755 328.251556
1175 74 -89.100296
2610 1657 47.985260
2039 4402 293.505737
2684 352 130.274857
2320 2924 171.765533
3863 2917 237.801758
3058 1034 -78.865341
138 1475 179.153168
4327 1615 -27.719978
3083 4383 7.843887
4509 3241 381.898621
1166 82 334.168945
568 708 -26.456871
921 3691 194.792084
197 4170 -84.918060
4466 3072 377.676208
500 762 13.557083
3328 4520 98.346573
4943 4840 58.438583
679 837 75.127716
3920 1048 338.573975
4003 3787 -87.145004
1063 4136 54.723633
4755 2876 -95.724098
277 4300 344.533264
3349 4397 115.997528
4111 3358 249.249878
3631 1729 239.890503
4823 238 -19.117348
2012 3074 -94.884796
4413 346 -59.160267
4552 2126 98.955933
40 1425 27.449066
2916 1292 119.824875
3568 2080 106.358215
2966 769 258.814636
2676 3924 -85.004135
4405 2580 96.036606
995 916 81.090042
421 548 -57.563820
767 858 287.918915
4246 1441 99.436859
671 1027 311.158966
1963 3029 -3.371628
395 4785 -49.362831
1164 3171 188.267273
88 4905 187.194946
4021 751 60.977234
1289 1580 7.960701
3189 4936 186.583923
400 3953 271.974670
1841 87 202.706909
4221 773 -8.364426
2250 1499 293.484344
3387 1493 112.529160
1558 56 393.303223
1464 4288 351.804077
3567 1197 337.281586
1499 214 189.626312
1435 3875 -10.279137
1741 4309 242.680450
1828 510 -10.655182
2602 3662 -71.330101
4101 1132 188.104736
1947 3270 -12.525734
3355 802 33.136627
2643 851 183.906494
192 2340 -45.220337
407 2850 41.792801
634 1001 126.035934
4943 3694 249.945251
1805 1787 301.439636
467 3074 -20.044029
2952 4933 196.653198
1222 4043 48.159775
3376 1540 85.112778
4227 1947 95.779510
1567 3819 367.354950
769 4257 60.816330
3123 2547 284.124268
1817 920 323.862823
4957 2386 52.006546
4383 680 271.262421
4316 2929 73.265991
4711 4279 351.501648
2603 3928 318.498474
4551 580 -32.440224
4722 1227 250.489594
331 2067 104.569473
2878 4666 319.425781
150 2899 -15.220673
3888 1075 -56.689400
4569 2409 284.364410
3850 4210 36.610657
4481 315 -11.845901
3409 3994 226.468994
3989 1049 384.692017
1568 3684 246.729584
4988 2887 367.361389
4654 4211 388.380249
3906 3658 35.822098
1333 1274 159.632172
3742 200 161.250092
4304 3508 120.631821
971 3837 334.430634
4965 2526 -49.193764
2367 170 154.871460
1051 3717 142.405777
290 1986 380.764191
853 586 30.763000
863 2065 -23.473511
3490 47 141.917496
3690 565 178.942535
3550 3356 -41.135963
2388 3645 154.948013
1266 1119 218.696106
2788 650 68.606796
1505 1874 272.239899
4843 4666 180.084900
429 2447 -3.288643
3847 1234 141.545029
3894 3927 199.365234
4459 4305 213.482544
4167 3426 68.261444
4164 3204 -99.687477
283 2601 297.789917
933 4667 87.162613
2807 2749 253.122620
2473 4586 142.399506
1272 1713 222.354675
2506 1046 -18.631615
2785 4891 55.262741
3443 3577 203.669891
1869 954 187.839935
73 3233 228.404663
4026 4252 259.794708
3694 1537 332.816254
2795 2962 202.340820
2381 2244 110.774170
446 17 38.880447
1493 4571 117.422668
2736 4325 -77.072678
1313 1620 197.311890
3619 1079 219.518921
1852 3352 48.412430
2456 1142 -61.059540
345 4214 209.799103
3307 4572 29.595169
551 2736 270.568573
1920 4726 212.804169
2844 4341 -46.986698
2169 1462 232.741058
3789 1368 351.352600
1220 1070 122.330505
925 2641 213.936218
2067 637 126.482315
2633 4012 257.758606
2205 1081 294.927765
1294 2297 91.112411
1020 2246 388.712006
1713 2642 10.081253
3175 4530 36.588531
896 507 123.496552
3318 4149 74.475266
959 58 177.364594
2948 524 260.569153
3313 3447 183.883698
746 363 380.124451
3044 3290 151.632248
290 1769 209.181305
4284 2169 191.652039
167 412 316.467133
2026 2177 106.553894
1175 2731 359.224243
2585 857 393.997101
3110 3557 359.284943
1557 1027 294.028168
3272 1131 8.025902
1562 3441 130.873352
4684 3396 33.139038
1853 724 27.627167
3617 3414 167.351013
794 1983 285.051575
4877 1448 332.081512
735 4231 30.771317
644 4325 195.057220
1671 2367 51.421539
2803 1427 -42.377106
2596 4881 308.589050
2344 2731 295.432495
3069 3575 -93.134834
2835 2352 252.968353
4818 2648 -29.669434
1266 4970 282.448364
497 3467 363.797058
4822 902 -8.258850
3541 1446 26.849831
4968 4900 253.006775
1201 2977 150.336411
284 3969 -29.528992
3860 4645 22.591858
2564 2174 98.351013
213 1025 114.215576
183 4318 276.739471
3 3840 45.146942
905 4098 -86.564926
2351 1351 340.888824
3603 3924 221.536316
1581 2004 163.403442
550 2680 397.363586
1548 701 56.555817
3722 3142 268.607208
4747 2067 300.868835
417 2161 38.392227
610 3522 -86.741089
1060 1731 56.240204
2411 1115 262.393311
2688 392 183.139801
4692 4637 376.102539
3725 1436 249.870605
4426 3520 199.876495
3920 815 232.985352
987 675 202.165558
3149 748 177.747711
3023 2357 42.180161
1106 320 259.259949
2221 2837 -79.271744
2613 409 153.434891
3603 1584 310.386658
1391 693 141.919968
1263 352 218.505829
2079 2911 162.736084
4106 4192 172.961731
1207 2925 -36.601593
4916 2076 -89.214447
236 3188 160.270111
4425 361 225.287170
4834 1297 46.725525
1419 3569 -53.878517
2112 3237 186.878540
3816 1631 266.360260
3079 4450 341.122437
2271 2542 279.772369
1549 1622 -16.821159
4977 202 89.734070
3165 1806 112.696976
4878 868 208.307770
1175 2151 238.959778
1096 2400 -12.207161
4334 2604 -69.090538
965 4200 -81.819748
1767 707 249.481689
4310 1997 257.799103
932 2393 245.298126
1134 349 -10.273582
4292 1868 133.264175
160 4976 35.171356
3664 1158 216.176178
2416 4878 -70.286407
21 17 86.170227
4221 3620 -72.533966
1280 1039 272.106812
4629 2889 382.828674
3374 3362 32.593353
3723 385 284.799225
1944 3736 150.231827
1920 253 389.161316
4430 1649 326.874817
