150
1777 1501 299.848755
963 129 -76.284149
1265 426 278.249664
47 871 -99.401695
53 1588 219.439209
1735 1730 -58.767849
1620 1107 353.726227
607 676 187.181610
384 911 293.979584
1913 1896 153.879791
1415 1549 105.743332
1544 351 23.752975
1971 362 47.962921
1194 71 142.838440
783 1404 -62.268028
865 140 339.493835
1972 1788 240.895203
1000 1841 343.109619
264 1213 -48.205822
160 932 257.637817
1710 1766 285.450806
61 1081 -16.235825
776 1007 364.286621
1199 199 261.256836
603 1790 -24.606224
1095 1786 197.230804
884 1870 238.166840
1077 1574 191.396362
290 1885 356.505188
1574 933 -38.233902
1692 1543 199.218933
773 271 -31.287582
1781 544 293.962402
332 788 53.218582
474 579 247.079254
260 1504 194.983582
482 1295 -61.836170
56 1059 -69.653870
294 175 -41.287865
1227 1555 -82.758575
1122 1447 59.813782
1394 1050 92.172501
1938 1066 138.070587
727 1858 345.470947
1658 201 -42.787956
1514 1148 11.025833
810 1543 -53.593838
221 1525 104.248215
396 233 -72.338364
303 1584 -31.559402
102 509 84.222900
1152 1126 160.459351
218 869 280.914154
428 393 -90.126083
630 249 -91.404533
130 579 352.472565
25 1522 38.736038
1551 1299 305.552673
1784 1132 -55.681118
1720 1260 -88.460236
229 615 268.981415
1708 1444 315.862823
577 1316 120.896393
1323 1478 78.044510
1572 719 340.525757
504 1970 255.419434
26 1087 117.709045
1325 663 -34.441490
457 1163 329.313904
69 60 267.687408
684 1259 297.920410
481 913 79.826660
149 72 305.578735
1627 1449 213.247131
698 1606 248.302887
1020 746 -32.041962
107 16 -16.761642
1122 1663 340.550049
286 1214 244.141327
698 901 221.673798
1957 1956 341.588135
1223 1945 288.107178
1295 1642 321.690308
1096 1917 323.251709
702 1866 302.665283
1448 1388 268.526520
1464 1414 173.307953
1480 1818 155.745621
694 1899 121.392288
1947 790 114.566772
255 1398 146.808853
201 1394 87.099960
1843 1872 351.302979
112 498 160.314240
1979 1104 192.178314
1719 407 387.420929
1486 1435 101.461533
1656 570 52.009201
1556 1531 304.622406
346 779 288.615082
96 1076 371.674622
1490 1331 -48.278625
1714 1161 208.582031
213 638 47.835358
1317 859 282.728424
76 135 261.564209
1863 1211 52.300705
785 1751 238.176270
317 124 259.740967
1448 1190 -38.863892
524 556 164.035522
208 529 310.027344
1721 351 287.218750
360 368 17.300064
1219 850 -76.477005
1706 1663 -91.447159
917 196 340.916077
1021 566 -6.079269
1145 593 123.312347
687 176 -49.516747
1595 105 190.000214
124 482 88.672043
475 702 333.598755
1196 636 376.083282
398 1135 -23.560097
62 1303 -73.153122
610 1899 214.725128
1176 359 41.536224
122 1957 59.289337
298 1871 172.606873
756 1234 270.103912
1238 1825 323.455109
1940 624 384.381805
928 1144 261.466064
415 25 102.543182
1718 477 290.341705
1970 635 186.425751
681 415 -56.903946
638 864 398.528900
510 810 -87.534760
96 1092 46.041183
1921 1321 63.292252
545 1674 374.245789
1689 855 366.120514
66 1232 156.216553
543 360 268.056824
1531 1901 210.194244
1946 53 -76.455124
811 1733 2.029449
1621 1535 168.960327
